7
126227 100
566471629 439853273 430467623 334950331 209629993 161811259 145526159 131864567 122579449 86489191 63279109 62283583 54873563 43972637 34876157 29807879 27410723 17723807 6322201 1399903 463027 25757 1270091 798414647 726890621 722319151 566471629 439853273 430467623 334950331 209629993 161811259 145526159 131864567 122579449 86489191 63279109 62283583 54873563 43972637 34876157 29807879 27410723 17723807 6322201 1399903 463027 25757 1270091 798414647 726890621 722319151 566471629 439853273 430467623 334950331 209629993 161811259 145526159 131864567 122579449 86489191 63279109 62283583 54873563 43972637 34876157 29807879 27410723 17723807 6322201 1399903 463027 25757 1270091 798414647 726890621 722319151 566471629 439853273 430467623 334950331 209629993 161811259 145526159 131864567 122579449 86489191 63279109 62283583 54873563 43972637 34876157 29807879 27410723 17723807 6322201 1399903 463027 25757
28279 25
2245069 5170723 9576191 11292949 30219521 73204847 81366343 128346793 188064361 221135207 253191623 262363271 279169811 310751563 349047571 381057713 408329039 443323427 481714501 503607593 517061977 556102693 631778221 728394307 796874137
24623 26
101909 3488113 20973619 38762063 48690569 59390453 64144183 83552881 107570147 113631631 116441057 142176887 176192501 181252333 223679683 290771963 312343051 343382911 383767313 405777761 424339697 469957309 508772911 550529261 600286901 2485711
28703 99
753199 1053419 1816939 4265923 10131217 31203859 74735701 77715773 84444023 93819371 99739769 115590857 137838083 151584899 180090431 258999613 351440753 440931277 530460703 546383087 567300661 605122307 643098271 662710687 744715847 24478541 753199 1053419 1816939 4265923 10131217 31203859 74735701 77715773 84444023 93819371 99739769 115590857 137838083 151584899 180090431 258999613 351440753 440931277 530460703 546383087 567300661 605122307 643098271 662710687 744715847 24478541 753199 1053419 1816939 4265923 10131217 31203859 74735701 77715773 84444023 93819371 99739769 115590857 137838083 151584899 180090431 258999613 351440753 440931277 530460703 546383087 567300661 605122307 643098271 662710687 744715847 24478541 753199 1053419 1816939 4265923 10131217 31203859 74735701 77715773 84444023 93819371 99739769 115590857 137838083 151584899 180090431 258999613 351440753 440931277 530460703 546383087 567300661
26237 100
102463 5827421 26279557 36597193 40351393 47058353 53946721 56785633 78169537 109799653 176734609 271384027 315916123 372970571 387131287 401738521 431859269 475519673 503545319 541397399 579267103 585342067 597579691 610869631 650980367 2071933 102463 5827421 26279557 36597193 40351393 47058353 53946721 56785633 78169537 109799653 176734609 271384027 315916123 372970571 387131287 401738521 431859269 475519673 503545319 541397399 579267103 585342067 597579691 610869631 650980367 2071933 102463 5827421 26279557 36597193 40351393 47058353 53946721 56785633 78169537 109799653 176734609 271384027 315916123 372970571 387131287 401738521 431859269 475519673 503545319 541397399 579267103 585342067 597579691 610869631 650980367 2071933 102463 5827421 26279557 36597193 40351393 47058353 53946721 56785633 78169537 109799653 176734609 271384027 315916123 372970571 387131287 401738521 431859269 475519673 503545319 541397399 579267103 585342067
10000 25
3292937 175597 18779 50429 375469 1651121 2102 3722 2376497 611683 489059 2328901 3150061 829981 421301 76409 38477 291931 730241 959821 1664197 3057407 4267589 4729181 5335543
103 31
217 1891 4819 2291 2987 3811 1739 2491 4717 445 65 1079 8383 5353 901 187 649 1003 697 3239 7663 291 123 779 1007 3551 1943 2117 1679 989 3053
20047 99
101438297 101438297 79425103 110446421 114411571 114411571 192377749 105231257 105231257 111276493 74238937 90824593 65314499 53387291 18472907 4687997 16585099 80591813 80591813 110829949 156215441 112694969 22599923 37348931 147236137 222582277 291401921 141838201 98455151 16794637 8898713 43241431 107000521 17464879 10574423 22599923 17469343 68867261 110829949 126786749 16768447 2193497 13548461 43594597 70852591 133720859 171491119 22397939 25061 31597 20706013 66625301 77851699 141838201 141838201 181149599 175023707 159251753 144025577 123939037 129086509 82054477 9227333 18539539 249381079 265364221 86820697 131250037 202272871 128388587 230346847 51077461 22599923 11937313 9757417 86768273 186128737 255823343 345781 28291 27098311 181498627 145097177 90160153 33160147 97382849 27098311 12032609 65302561 107065169 240058631 254698783 254698783 23898961 14658047 211147 241547 241547 251731